[myphoto.JPG]
filters=finetune2=1,0.000000,0.131930,0.039298,00000000,0.000000;finetune2=1,0.000000,0.039298,0.089825,00000000,-0.391813;retouch=1;
moddate=61e04b7c851fd601
width=3330
height=3865
textactive=0
